99
20
64
27
57
58
1
32
18
99
44
5
92
14
6
13
22
77
2
95
52
47
91
84
2
48
2
36
44
21
81
72
15
93
21
19
62
3
15
4
45
71
72
81
98
4
98
16
24
69
42
73
98
58
31
79
1
96
80
81
92
55
3
44
91
53
3
16
72
23
86
99
32
42
15
20
96
3
56
69
27
9
91
55
50
97
84
2
73
1
13
76
99
31
91
98
68
59
46
3
87
68
99
25
11
22
50
21
15
1
28
81
83
49
94
66
1
14
3
40
89
17
7
99
7
99
87
36
4
43
15
79
1
98
4
77
83
81
99
41
8
63
6
37
92
99
82
63
90
13
27
16
92
52
62
64
14
69
58
88
93
34
49
12
50
43
98
1
78
43
1
2
3
84
45
34
52
23
24
45
1
97
82
61
38
87
7
49
58
99
52
23
45
6
92
36
70
77
24
9
83
99
25
6
83
23
62
11
65
29
81
40
66
79
69
73
30
31
1
78
84
87
51
32
64
54
9
93
4
70
96
37
63
20
49
24
44
80
96
12
73
72
78
95
95
75
41
69
61
27
99
99
68
13
98
83
25
5
57
42
18
52
54
32
79
9
89
95
18
97
97
98
38
62
59
80
17
6
51
97
77
50
88
81
47
89
87
96
3
10
18
19
74
18
86
28
95
39
14
35
19
72
99
29
40
40
93
41
98
50
51
98
22
47
58
74
21
42
91
8
24
49
1
6
68
24
90
41
44
1
75
21
32
80
6
65
5
69
6
53
4
31
59
38
14
92
80
80
32
60
10
97
1
90
76
63
18
34
78
61
50
91
95
66
69
93
7
77
80
9
4
98
22
92
4
99
95
4
71
36
1
15
9
84
38
7
99
28
80
11
85
7
68
35
10
17
49
68
52
41
51
28
99
22
52
20
42
34
3
98
98
6
98
85
23
94
55
9
4
2
28
9
85
19
1
2
59
88
45
44
54
61
24
70
3
1
99
75
99
56
19
77
97
74
5
33
65
30
89
64
53
2
43
5
87
31
80
84
14
69
49
96
50
86
32
31
22
42
93
10
11
29
1
26
53
83
9
44
7
58
92
5
17
32
14
27
82
69
5
8
2
15
27
95
11
6
58
82
83
35
60
50
76
71
91
12
99
86
90
19
92
94
62
98
73
2
15
55
1
9
37
47
9
39
11
1
18
15
23
76
61
23
36
79
21
94
41
78
95
2
19
4
5
69
63
1
60
92
74
95
66
19
92
94
11
9
6
68
87
21
52
39
51
97
87
99
1
21
51
4
95
43
19
9
78
21
8
80
98
98
2
85
83
1
81
32
98
94
11
99
92
85
13
64
97
12
31
88
7
83
89
13
64
89
7
98
60
58
20
26
34
32
87
24
21
7
49
6
10
26
65
68
65
55
99
19
85
45
41
1
63
96
96
96
89
1
59
96
85
98
19
46
8
10
5
77
9
62
44
41
42
81
72
74
4
16
77
79
64
13
62
47
81
58
18
40
73
86
17
5
78
72
95
5
83
92
89
59
60
12
52
19
14
82
30
46
76
93
99
31
20
1
50
11
81
49
46
5
69
21
99
33
86
49
11
7
70
43
61
86
5
3
1
94
4
3
88
71
45
64
95
93
64
75
86
38
20
86
68
95
5
97
35
9
93
21
27
72
38
91
96
75
2
21
26
18
58
36
2
97
95
17
2
96
52
27
50
69
74
3
84
71
26
97
5
27
3
56
33
61
29
40
90
26
94
78
22
77
69
32
21
98
82
90
1
6
17
70
98
22
98
91
98
78
81
68
7
44
6
69
7
44
3
90
89
38
99
24
94
2
26
74
87
98
34
9
24
81
24
13
84
9
6
99
12
16
12
77
3
6
63
88
10
4
38
24
71
98
3
92
38
48
2
4
72
2
54
45
9
39
26
7
5
11
92
13
19
36
33
56
70
72
3
4
26
72
75
90
95
30
13
87
85
90
98
9
26
10
94
66
98
84
27
92
72
71
73
89
57
81
51
1
68
91
63
15
95
49
26
89
29
49
22
1
75
99
78
51
23
8
39
79
13
79
62
81
99
28
83
48
69
69
43
53
56
84
42
1
78
4
80
71
17
12
69
84
10
86
41
51
58
18
91
76
4
2
89
3
55
82
99
12
32
71
99
88
80
68
11
26
94
33
92
1
58
16
33
60
86
80
65
7
52
80
73
89
85
88
38
8
6
12
71
99
97
6
67
69
94
13
68
58
5
69
13
3
34
88
82
74
